SCORE DISTRIBUTION ANALYSIS
==================================================

OVERALL STATISTICS:
total_queries: 302
total_scores: 14798
mean_score: 0.34979555730882844
median_score: 0.3333333333333333
std_score: 0.20538781973939818
min_score: 0.0
max_score: 1.0
q25: 0.1875
q75: 0.5

PER-QUERY STATISTICS:
             count    mean     std     min     max  median
query_id                                                  
2024-105741     49  0.5170  0.0760  0.4167  0.6667  0.5000
2024-109837     49  0.3112  0.1431  0.1667  0.5833  0.3333
2024-111331     49  0.1852  0.1153  0.0769  0.3846  0.1538
2024-111506     49  0.5408  0.0934  0.3333  0.7500  0.5833
2024-113215     49  0.4286  0.1238  0.1667  0.7500  0.4167
2024-113646     49  0.4976  0.1122  0.3077  0.7692  0.4615
2024-114095     49  0.3367  0.1250  0.0833  0.5833  0.3333
2024-121840     49  0.3452  0.1587  0.0000  0.7500  0.3333
2024-126056     49  0.5510  0.1567  0.2500  0.9167  0.5833
2024-126326     49  0.1401  0.1685  0.0000  0.5000  0.0667
2024-126414     49  0.1293  0.1116  0.0000  0.4167  0.0833
2024-127266     49  0.3231  0.0910  0.1667  0.5000  0.3333
2024-127288     49  0.3074  0.0927  0.1250  0.5000  0.3125
2024-127349     49  0.1548  0.0659  0.0000  0.2500  0.1667
2024-127653     49  0.4144  0.0828  0.3077  0.6154  0.3846
2024-128311     49  0.2296  0.0435  0.1667  0.3333  0.2500
2024-12875      49  0.3827  0.0976  0.2500  0.5833  0.4167
2024-128784     49  0.5173  0.0774  0.3500  0.7000  0.5000
2024-129062     49  0.1964  0.0710  0.0625  0.3750  0.1875
2024-129925     49  0.5663  0.1178  0.2500  0.6667  0.5833
2024-131116     49  0.3963  0.1875  0.0000  0.6667  0.4167
2024-133137     49  0.2517  0.1055  0.0000  0.4167  0.2500
2024-133810     49  0.0000  0.0000  0.0000  0.0000  0.0000
2024-134629     49  0.2670  0.0962  0.0833  0.5000  0.2500
2024-134815     49  0.4031  0.1525  0.0000  0.5833  0.5000
2024-134964     49  0.3854  0.1127  0.1176  0.5882  0.3529
2024-135747     49  0.3980  0.0804  0.2500  0.6250  0.3750
2024-136156     49  0.4014  0.1098  0.0833  0.5833  0.4167
2024-137182     49  0.4133  0.1443  0.0000  0.6667  0.4167
2024-137315     49  0.4732  0.0946  0.3125  0.6875  0.5000
2024-137667     49  0.6327  0.0652  0.5385  0.7692  0.6154
2024-138052     49  0.0628  0.1528  0.0000  0.6923  0.0000
2024-141280     49  0.3520  0.0996  0.0833  0.6667  0.3333
2024-141453     49  0.3044  0.1233  0.0833  0.7500  0.2500
2024-141577     49  0.3163  0.1006  0.1667  0.5833  0.3333
2024-141993     49  0.5000  0.0992  0.2500  0.7500  0.5000
2024-142084     49  0.3333  0.1262  0.0833  0.6667  0.2500
2024-142125     49  0.2789  0.0497  0.1667  0.4167  0.2500
2024-142330     49  0.3180  0.0695  0.1667  0.4167  0.3333
2024-142395     49  0.2789  0.1936  0.0000  0.5833  0.3333
2024-143869     49  0.3297  0.0929  0.0000  0.4615  0.3077
2024-145295     49  0.5578  0.0935  0.4167  0.7500  0.5000
2024-145979     49  0.5391  0.0902  0.4167  0.7500  0.5000
2024-146077     49  0.7007  0.1237  0.3333  0.9167  0.7500
2024-146893     49  0.2772  0.1183  0.0833  0.5833  0.2500
2024-147273     49  0.3139  0.1274  0.0476  0.5714  0.3333
2024-147909     49  0.3151  0.1020  0.0625  0.5625  0.3125
2024-147917     49  0.0738  0.0815  0.0000  0.3846  0.0769
2024-149261     49  0.2092  0.1341  0.0000  0.5000  0.1667
2024-149459     49  0.0867  0.0582  0.0000  0.1250  0.1250
2024-152259     49  0.3946  0.1059  0.1667  0.7500  0.4167
2024-152817     49  0.4371  0.1096  0.1667  0.6667  0.4167
2024-153051     49  0.6310  0.1191  0.1667  0.7500  0.6667
2024-153070     49  0.2517  0.0691  0.0833  0.5000  0.2500
2024-158261     49  0.2355  0.0694  0.0833  0.4167  0.2500
2024-158677     49  0.3231  0.0926  0.0833  0.5000  0.3333
2024-158743     49  0.3549  0.1282  0.0000  0.5556  0.3889
2024-160253     49  0.6020  0.0727  0.4167  0.7500  0.5833
2024-160888     49  0.6463  0.0732  0.5000  0.7500  0.6667
2024-161461     49  0.3520  0.0620  0.1667  0.5000  0.3333
2024-173513     49  0.4031  0.1195  0.0000  0.5833  0.4167
2024-173795     49  0.3081  0.0928  0.1905  0.6190  0.2857
2024-17605      49  0.0748  0.0820  0.0000  0.4167  0.0833
2024-17909      49  0.6201  0.1220  0.3846  0.8462  0.6154
2024-18963      49  0.2993  0.0587  0.1667  0.5000  0.3333
2024-19025      49  0.5136  0.1107  0.0000  0.7500  0.5000
2024-190455     49  0.0395  0.0671  0.0000  0.2500  0.0000
2024-19448      49  0.4388  0.1510  0.0833  0.6667  0.5000
2024-19454      49  0.2296  0.1096  0.0833  0.5000  0.2500
2024-19562      49  0.5476  0.0884  0.2500  0.6667  0.5833
2024-19947      49  0.6939  0.0574  0.5833  0.8333  0.6667
2024-206384     49  0.0680  0.0845  0.0000  0.2500  0.0000
2024-213469     49  0.4711  0.1028  0.2500  0.6667  0.5000
2024-213491     49  0.5578  0.2264  0.0000  0.9167  0.5833
2024-213789     49  0.4252  0.1119  0.0833  0.6667  0.4167
2024-213817     49  0.2024  0.0659  0.0000  0.4167  0.1667
2024-213855     49  0.4728  0.1516  0.0000  0.6667  0.5000
2024-213901     49  0.0731  0.0734  0.0000  0.2500  0.0833
2024-213978     49  0.3282  0.1687  0.0000  0.5833  0.3333
2024-214052     49  0.4150  0.1013  0.1667  0.5833  0.4167
2024-214096     49  0.5245  0.0925  0.4000  0.8000  0.5000
2024-214126     49  0.4541  0.2152  0.0000  0.6667  0.5000
2024-214257     49  0.2449  0.1134  0.0833  0.5000  0.2500
2024-214333     49  0.0702  0.0275  0.0000  0.1250  0.0625
2024-214467     49  0.6735  0.2243  0.0000  0.9167  0.7500
2024-214483     49  0.4579  0.0983  0.2500  0.6875  0.4375
2024-214630     49  0.7517  0.0859  0.5833  0.9167  0.7500
2024-214744     49  0.5459  0.0743  0.4167  0.7500  0.5000
2024-215044     49  0.0612  0.1239  0.0000  0.4000  0.0000
2024-215090     49  0.4050  0.0857  0.2308  0.6154  0.3846
2024-215094     49  0.3401  0.1100  0.2500  0.6667  0.3333
2024-215256     49  0.3010  0.2300  0.0000  0.5833  0.4167
2024-215833     49  0.0000  0.0000  0.0000  0.0000  0.0000
2024-215952     49  0.5965  0.0533  0.4615  0.6923  0.6154
2024-216231     49  0.3554  0.1099  0.0000  0.5833  0.3333
2024-216592     49  0.4223  0.1515  0.1538  0.7692  0.3846
2024-216598     49  0.3099  0.1536  0.0000  0.5625  0.3750
2024-21669      49  0.2755  0.1287  0.0000  0.5833  0.2500
2024-216957     49  0.3027  0.1258  0.0000  0.5833  0.2500
2024-217241     49  0.6071  0.1089  0.3333  0.8333  0.5833
2024-217279     49  0.0680  0.0529  0.0000  0.1667  0.0833
2024-217488     49  0.0799  0.0867  0.0000  0.3333  0.0833
2024-217496     49  0.3635  0.1486  0.0000  0.5625  0.3750
2024-217582     49  0.2653  0.1124  0.0833  0.4167  0.2500
2024-217812     49  0.0000  0.0000  0.0000  0.0000  0.0000
2024-217827     49  0.5034  0.1295  0.2500  0.8333  0.5000
2024-218590     49  0.5000  0.1166  0.3333  0.8333  0.5000
2024-219271     49  0.4949  0.2360  0.0000  0.7500  0.5833
2024-219385     49  0.6293  0.1393  0.3333  0.8333  0.6667
2024-219563     49  0.3384  0.0689  0.1667  0.5000  0.3333
2024-219624     49  0.2024  0.1006  0.0833  0.5000  0.1667
2024-219626     49  0.5000  0.1329  0.1667  0.7500  0.5000
2024-219631     49  0.4626  0.0743  0.3333  0.6667  0.4167
2024-219661     49  0.4082  0.0995  0.1667  0.6667  0.4167
2024-219698     49  0.2109  0.0979  0.0833  0.4167  0.2500
2024-219824     49  0.6565  0.0404  0.5833  0.7500  0.6667
2024-219896     49  0.1735  0.1060  0.0000  0.4167  0.1667
2024-220058     49  0.4711  0.1185  0.0000  0.6667  0.5000
2024-220140     49  0.3755  0.1119  0.0000  0.5000  0.4000
2024-220307     49  0.1805  0.0556  0.1538  0.3077  0.1538
2024-220679     49  0.3912  0.1561  0.0000  0.7500  0.3333
2024-220794     49  0.2313  0.2707  0.0000  1.0000  0.1667
2024-221022     49  0.3469  0.1231  0.1667  0.6667  0.3333
2024-221278     49  0.2806  0.1368  0.0833  0.5833  0.2500
2024-221364     49  0.3391  0.1076  0.1538  0.5385  0.3077
2024-221429     49  0.4643  0.0680  0.3333  0.5833  0.5000
2024-221442     49  0.2398  0.1198  0.0833  0.5833  0.1667
2024-22172      49  0.0493  0.0849  0.0000  0.3333  0.0000
2024-221836     49  0.0000  0.0000  0.0000  0.0000  0.0000
2024-222465     49  0.2619  0.0962  0.1667  0.5000  0.2500
2024-222481     49  0.5068  0.0865  0.3333  0.7500  0.5000
2024-222696     49  0.2483  0.1366  0.0000  0.5000  0.2500
2024-223094     49  0.1250  0.1818  0.0000  0.5000  0.0000
2024-223345     49  0.2857  0.0938  0.1250  0.4375  0.3125
2024-223358     49  0.4785  0.2069  0.0000  0.6667  0.5556
2024-223382     49  0.0646  0.0351  0.0000  0.0833  0.0833
2024-223499     49  0.1276  0.0592  0.0000  0.2500  0.1667
2024-223829     49  0.2517  0.0360  0.0833  0.3333  0.2500
2024-223855     49  0.3128  0.0956  0.1250  0.5625  0.3125
2024-223914     49  0.3622  0.0752  0.2500  0.5000  0.3333
2024-224013     49  0.4694  0.1016  0.2500  0.6667  0.5000
2024-224063     49  0.0612  0.1032  0.0000  0.3333  0.0000
2024-22410      49  0.3759  0.1008  0.1667  0.6667  0.3333
2024-224207     49  0.3846  0.0801  0.2308  0.6154  0.3846
2024-224226     49  0.1538  0.0916  0.0000  0.3077  0.1538
2024-224279     49  0.3690  0.0916  0.2500  0.5000  0.3333
2024-224339     49  0.2969  0.0970  0.1000  0.5500  0.3000
2024-224399     49  0.2500  0.2158  0.0000  0.7500  0.3333
2024-224621     49  0.5374  0.0963  0.3333  0.7500  0.5000
2024-224701     49  0.4416  0.1016  0.2727  0.6364  0.4545
2024-224710     49  0.4600  0.0793  0.3077  0.6923  0.4615
2024-224926     49  0.1548  0.0833  0.0000  0.3333  0.1667
2024-224960     49  0.0220  0.0497  0.0000  0.2308  0.0000
2024-225026     49  0.2891  0.1736  0.0000  0.9167  0.2500
2024-225150     49  0.2041  0.2394  0.0000  0.7500  0.0833
2024-225223     49  0.6531  0.1197  0.3750  0.9375  0.6875
2024-225247     49  0.4914  0.1141  0.2308  0.7692  0.5385
2024-225389     49  0.3218  0.0964  0.1538  0.5385  0.3077
2024-225456     49  0.7687  0.1038  0.5000  0.9167  0.7500
2024-225531     49  0.4728  0.0953  0.2500  0.6667  0.5000
2024-22886      49  0.3597  0.0452  0.2500  0.4375  0.3750
2024-22900      49  0.3197  0.0429  0.2500  0.4167  0.3333
2024-22919      49  0.5510  0.1164  0.3333  0.9167  0.5833
2024-23680      49  0.4694  0.0956  0.2500  0.6250  0.5000
2024-23862      49  0.4762  0.1392  0.0000  0.6667  0.5000
2024-24022      49  0.3027  0.1098  0.1667  0.6667  0.3333
2024-24226      49  0.3316  0.0999  0.0833  0.5833  0.3333
2024-25003      49  0.4974  0.0816  0.3125  0.6250  0.5000
2024-25032      49  0.3554  0.0812  0.1667  0.5000  0.3333
2024-25195      49  0.5000  0.1350  0.2500  0.7500  0.5000
2024-26688      49  0.1088  0.0765  0.0000  0.3333  0.0833
2024-27366      49  0.4884  0.1042  0.2500  0.7500  0.5000
2024-28144      49  0.5697  0.0429  0.5000  0.6667  0.5833
2024-29182      49  0.3214  0.0816  0.1667  0.4167  0.3333
2024-29222      49  0.0969  0.0767  0.0000  0.2500  0.0833
2024-29936      49  0.2857  0.1049  0.0833  0.5000  0.2500
2024-29941      49  0.6361  0.0911  0.4167  0.8333  0.6667
2024-32502      49  0.4821  0.0744  0.3125  0.6250  0.5000
2024-32534      49  0.2517  0.0842  0.0833  0.4167  0.2500
2024-32796      49  0.4558  0.1077  0.3333  0.7500  0.4167
2024-32817      49  0.2702  0.2040  0.0000  0.6190  0.2857
2024-32856      49  0.4069  0.0956  0.1250  0.6250  0.4375
2024-32912      49  0.2151  0.0719  0.0000  0.3077  0.2308
2024-33359      49  0.6139  0.1137  0.3333  0.8333  0.5833
2024-33466      49  0.3997  0.1141  0.1667  0.6667  0.4167
2024-33513      49  0.3912  0.0854  0.2500  0.5833  0.4167
2024-34521      49  0.0374  0.0638  0.0000  0.2500  0.0000
2024-34582      49  0.4184  0.1147  0.0833  0.7500  0.4167
2024-34583      49  0.2466  0.0760  0.1667  0.4167  0.2500
2024-34595      49  0.6582  0.0838  0.4167  0.8333  0.6667
2024-34710      49  0.3486  0.1480  0.0833  0.6667  0.3333
2024-34927      49  0.3384  0.1713  0.0833  0.5833  0.3333
2024-35227      49  0.4779  0.0676  0.3333  0.5833  0.5000
2024-35269      49  0.4834  0.0961  0.2500  0.6250  0.5000
2024-35284      49  0.4444  0.0969  0.2222  0.6111  0.4444
2024-35320      49  0.2768  0.0722  0.0000  0.3750  0.3125
2024-35485      49  0.3146  0.0936  0.1667  0.5833  0.3333
2024-35506      49  0.4286  0.0417  0.3333  0.5833  0.4167
2024-35596      49  0.4473  0.1058  0.0000  0.6667  0.4167
2024-35620      49  0.5918  0.0686  0.4167  0.7500  0.5833
2024-35834      49  0.0527  0.0958  0.0000  0.3333  0.0000
2024-36131      49  0.2262  0.0722  0.1667  0.5000  0.2500
2024-36155      49  0.7738  0.0962  0.5833  0.9167  0.7500
2024-36186      49  0.1796  0.0772  0.0667  0.3333  0.2000
2024-36302      49  0.0000  0.0000  0.0000  0.0000  0.0000
2024-36338      49  0.4439  0.1068  0.2500  0.6667  0.4167
2024-36355      49  0.1105  0.0729  0.0000  0.2500  0.1667
2024-3653       49  0.2823  0.1442  0.0000  0.5000  0.3333
2024-36672      49  0.5272  0.1608  0.0000  0.7500  0.5833
2024-36741      49  0.4048  0.1540  0.0000  0.6667  0.4167
2024-36857      49  0.2920  0.1226  0.0769  0.5385  0.3077
2024-36935      49  0.6037  0.0859  0.4167  0.7500  0.5833
2024-37173      49  0.2585  0.1426  0.0000  0.4167  0.3333
2024-37470      49  0.4515  0.0779  0.3125  0.6250  0.4375
2024-37531      49  0.1803  0.1107  0.0000  0.3333  0.2500
2024-37566      49  0.1915  0.1112  0.0000  0.4615  0.2308
2024-37596      49  0.2704  0.0732  0.1667  0.4167  0.2500
2024-3824       49  0.3155  0.2096  0.0000  0.7692  0.3077
2024-38379      49  0.5221  0.1461  0.1667  0.8333  0.5000
2024-38428      49  0.6616  0.1365  0.2500  0.8333  0.6667
2024-38461      49  0.2003  0.1036  0.0000  0.4375  0.1875
2024-38611      49  0.5646  0.1052  0.3333  0.9167  0.5833
2024-38986      49  0.1962  0.1111  0.0000  0.4615  0.1538
2024-40724      49  0.4558  0.0743  0.2500  0.6667  0.4167
2024-40831      49  0.4898  0.1723  0.0000  0.8333  0.5000
2024-40863      49  0.3129  0.1135  0.1667  0.5833  0.2500
2024-40868      49  0.2969  0.0856  0.1500  0.4500  0.3000
2024-40996      49  0.1327  0.0849  0.0000  0.3333  0.1667
2024-41077      49  0.3750  0.0477  0.3125  0.5000  0.3750
2024-41198      49  0.1599  0.1791  0.0000  0.5000  0.0000
2024-41334      49  0.4745  0.0837  0.3333  0.7500  0.5000
2024-41464      49  0.2717  0.0880  0.0625  0.4375  0.2500
2024-41465      49  0.4210  0.0505  0.2963  0.5556  0.4074
2024-41477      49  0.2177  0.2845  0.0000  0.7500  0.0000
2024-41563      49  0.0755  0.1479  0.0000  0.5000  0.0000
2024-41576      49  0.3483  0.1427  0.0333  0.6000  0.4000
2024-41610      49  0.0238  0.0659  0.0000  0.2500  0.0000
2024-41711      49  0.4094  0.0938  0.1250  0.5625  0.4375
2024-41796      49  0.3793  0.0852  0.1667  0.6667  0.3333
2024-41849      49  0.1531  0.1729  0.0000  0.5000  0.0833
2024-41918      49  0.3793  0.0978  0.1667  0.6667  0.4167
2024-41960      49  0.4813  0.1230  0.1667  0.7500  0.5000
2024-42014      49  0.6259  0.1050  0.3333  0.8333  0.6667
2024-42163      49  0.2360  0.1031  0.0625  0.4375  0.2500
2024-42195      49  0.6037  0.1028  0.3333  0.7500  0.5833
2024-42376      49  0.3562  0.0424  0.3333  0.5000  0.3333
2024-42464      49  0.4983  0.0268  0.4167  0.5833  0.5000
2024-42497      49  0.3707  0.0817  0.2500  0.5000  0.3333
2024-42556      49  0.0714  0.0743  0.0000  0.2500  0.0500
2024-42645      49  0.1003  0.0510  0.0000  0.2500  0.0833
2024-42738      49  0.2976  0.2041  0.0000  0.5833  0.3333
2024-42781      49  0.2126  0.0834  0.0833  0.3333  0.2500
2024-43037      49  0.2585  0.0951  0.0833  0.5000  0.2500
2024-43684      49  0.2585  0.1737  0.0000  0.5833  0.2500
2024-43905      49  0.2119  0.0745  0.0000  0.3846  0.2308
2024-43972      49  0.0102  0.0404  0.0000  0.2500  0.0000
2024-43983      49  0.4337  0.0869  0.2500  0.6250  0.4375
2024-44001      49  0.5374  0.0781  0.1667  0.5833  0.5833
2024-44005      49  0.4813  0.1978  0.0000  0.7500  0.5833
2024-44024      49  0.1548  0.0932  0.0000  0.3333  0.1667
2024-44048      49  0.0646  0.0920  0.0000  0.3333  0.0000
2024-44059      49  0.5459  0.1227  0.2500  0.8333  0.5833
2024-44060      49  0.4354  0.1010  0.3333  0.6667  0.4167
2024-44065      49  0.2168  0.1707  0.0000  0.5000  0.2500
2024-44329      49  0.1735  0.1674  0.0000  0.5833  0.1667
2024-44544      49  0.1139  0.0716  0.0833  0.4167  0.0833
2024-44754      49  0.5714  0.0733  0.3750  0.7500  0.5625
2024-45185      49  0.2500  0.0000  0.2500  0.2500  0.2500
2024-45474      49  0.2207  0.0876  0.0625  0.4375  0.1875
2024-45494      49  0.4065  0.0941  0.0000  0.5833  0.4167
2024-5675       49  0.2075  0.1022  0.0833  0.5000  0.1667
2024-5809       49  0.6446  0.0558  0.5000  0.7500  0.6667
2024-58819      49  0.1786  0.1596  0.0000  0.5000  0.0833
2024-5957       49  0.4830  0.2069  0.0833  0.8333  0.5000
2024-5992       49  0.2143  0.0722  0.0833  0.4167  0.2500
2024-6587       49  0.4120  0.1236  0.0625  0.6875  0.4375
2024-66915      49  0.1582  0.0951  0.0000  0.4167  0.1667
2024-66937      49  0.6837  0.0977  0.4167  0.8333  0.6667
2024-67021      49  0.3407  0.0415  0.3077  0.4615  0.3077
2024-6778       49  0.5544  0.1980  0.0000  0.8333  0.5833
2024-6862       49  0.6412  0.1598  0.2500  0.8333  0.6667
2024-69711      49  0.0727  0.0887  0.0000  0.2500  0.0000
2024-7058       49  0.4847  0.0987  0.2500  0.6667  0.5000
2024-73340      49  0.2891  0.1104  0.0000  0.5000  0.2500
2024-73918      49  0.1207  0.0978  0.0000  0.3333  0.1667
2024-73921      49  0.4167  0.0992  0.0833  0.5833  0.4167
2024-7532       49  0.6224  0.0765  0.3125  0.6875  0.6250
2024-76647      49  0.3878  0.0836  0.1875  0.5625  0.3750
2024-76908      49  0.5612  0.1138  0.4167  0.8333  0.5833
2024-77099      49  0.3724  0.0816  0.2500  0.5625  0.3750
2024-77150      49  0.3741  0.1494  0.0000  0.5833  0.4167
2024-79081      49  0.6105  0.1012  0.3333  0.8333  0.5833
2024-79113      49  0.5493  0.0562  0.4167  0.6667  0.5833
2024-79129      49  0.2670  0.1991  0.0000  0.5000  0.3333
2024-79154      49  0.2891  0.1393  0.0000  0.5833  0.3333
2024-88894      49  0.1621  0.0845  0.0000  0.2941  0.1765
2024-90454      49  0.1684  0.0924  0.0833  0.3333  0.1667
2024-94706      49  0.4631  0.1047  0.0000  0.6154  0.4615
2024-96063      49  0.2347  0.1556  0.0000  0.5000  0.1667
2024-96359      49  0.3980  0.1580  0.0833  0.6667  0.4167
2024-96485      49  0.1888  0.0912  0.0000  0.3333  0.1667
all             49  0.3498  0.0084  0.3322  0.3715  0.3486