SCORE DISTRIBUTION ANALYSIS - 50_QUERIES
============================================================

OVERALL STATISTICS:
Total queries: 50
Total scores: 2450
Mean score: 0.3451
Median score: 0.3333
Std score: 0.2047
Min score: 0.0000
Max score: 0.8462
Q25: 0.1667
Q75: 0.5000

ORACLE PERFORMANCE METRICS:
Min Oracle: 0.1533 ± 0.1452
Mean Oracle: 0.3451 ± 0.1789
Median Oracle: 0.3476 ± 0.1905
Max Oracle: 0.5326 ± 0.2069

PER-QUERY STATISTICS:
             count    mean     std     min     max  median
query_id                                                  
2024-111506     49  0.5408  0.0934  0.3333  0.7500  0.5833
2024-127288     49  0.3074  0.0927  0.1250  0.5000  0.3125
2024-127349     49  0.1548  0.0659  0.0000  0.2500  0.1667
2024-128311     49  0.2296  0.0435  0.1667  0.3333  0.2500
2024-12875      49  0.3827  0.0976  0.2500  0.5833  0.4167
2024-133810     49  0.0000  0.0000  0.0000  0.0000  0.0000
2024-134629     49  0.2670  0.0962  0.0833  0.5000  0.2500
2024-141993     49  0.5000  0.0992  0.2500  0.7500  0.5000
2024-143869     49  0.3297  0.0929  0.0000  0.4615  0.3077
2024-146893     49  0.2772  0.1183  0.0833  0.5833  0.2500
2024-147917     49  0.0738  0.0815  0.0000  0.3846  0.0769
2024-149459     49  0.0867  0.0582  0.0000  0.1250  0.1250
2024-153051     49  0.6310  0.1191  0.1667  0.7500  0.6667
2024-160253     49  0.6020  0.0727  0.4167  0.7500  0.5833
2024-17909      49  0.6201  0.1220  0.3846  0.8462  0.6154
2024-206384     49  0.0680  0.0845  0.0000  0.2500  0.0000
2024-214052     49  0.4150  0.1013  0.1667  0.5833  0.4167
2024-214126     49  0.4541  0.2152  0.0000  0.6667  0.5000
2024-216957     49  0.3027  0.1258  0.0000  0.5833  0.2500
2024-217488     49  0.0799  0.0867  0.0000  0.3333  0.0833
2024-219624     49  0.2024  0.1006  0.0833  0.5000  0.1667
2024-219626     49  0.5000  0.1329  0.1667  0.7500  0.5000
2024-219631     49  0.4626  0.0743  0.3333  0.6667  0.4167
2024-219698     49  0.2109  0.0979  0.0833  0.4167  0.2500
2024-219896     49  0.1735  0.1060  0.0000  0.4167  0.1667
2024-220307     49  0.1805  0.0556  0.1538  0.3077  0.1538
2024-221429     49  0.4643  0.0680  0.3333  0.5833  0.5000
2024-223382     49  0.0646  0.0351  0.0000  0.0833  0.0833
2024-224013     49  0.4694  0.1016  0.2500  0.6667  0.5000
2024-22410      49  0.3759  0.1008  0.1667  0.6667  0.3333
2024-224621     49  0.5374  0.0963  0.3333  0.7500  0.5000
2024-224710     49  0.4600  0.0793  0.3077  0.6923  0.4615
2024-28144      49  0.5697  0.0429  0.5000  0.6667  0.5833
2024-29222      49  0.0969  0.0767  0.0000  0.2500  0.0833
2024-29941      49  0.6361  0.0911  0.4167  0.8333  0.6667
2024-33359      49  0.6139  0.1137  0.3333  0.8333  0.5833
2024-33513      49  0.3912  0.0854  0.2500  0.5833  0.4167
2024-35269      49  0.4834  0.0961  0.2500  0.6250  0.5000
2024-35284      49  0.4444  0.0969  0.2222  0.6111  0.4444
2024-37531      49  0.1803  0.1107  0.0000  0.3333  0.2500
2024-37596      49  0.2704  0.0732  0.1667  0.4167  0.2500
2024-41198      49  0.1599  0.1791  0.0000  0.5000  0.0000
2024-41576      49  0.3483  0.1427  0.0333  0.6000  0.4000
2024-44005      49  0.4813  0.1978  0.0000  0.7500  0.5833
2024-5992       49  0.2143  0.0722  0.0833  0.4167  0.2500
2024-6778       49  0.5544  0.1980  0.0000  0.8333  0.5833
2024-7058       49  0.4847  0.0987  0.2500  0.6667  0.5000
2024-76647      49  0.3878  0.0836  0.1875  0.5625  0.3750
2024-88894      49  0.1621  0.0845  0.0000  0.2941  0.1765
all             49  0.3498  0.0084  0.3322  0.3715  0.3486